1.655295698700503040e-03 2.871037842754396774e+00 -3.927613087523968538e+00 9.490651095688080741e-01 -9.673307662804853449e-03 2.651276502519454500e-02 3.138135086460203671e-01
1.312071416313844274e+00 2.829716748660564551e+00 -3.879831338297514698e+00 9.492692248263915333e-01 -9.293248480114776541e-03 2.543209471682182990e-02 3.132966372122481524e-01
2.626169416376847199e+00 2.785518918173266911e+00 -3.823589349488787370e+00 9.495111993445918275e-01 -8.662842581284649346e-03 2.521065096482732679e-02 3.125985613459157930e-01
3.942606165804792173e+00 2.747259373556728779e+00 -3.778264133870078201e+00 9.497455286328808644e-01 -7.693588181312432418e-03 2.576921146472141780e-02 3.118656558251206579e-01
5.260647311065422826e+00 2.698196215380109564e+00 -3.711495838250333357e+00 9.498921304232014196e-01 -7.690725177233097808e-03 2.570597332050728739e-02 3.114241420345658096e-01
6.580138397738040545e+00 2.650247362389216210e+00 -3.647684685680661509e+00 9.500175306666513997e-01 -7.704284585789479903e-03 2.510830825359940816e-02 3.110898717118598666e-01
7.906339953619575311e+00 2.596304992071294393e+00 -3.593347968305075302e+00 9.502294559268267271e-01 -7.927787009608756874e-03 2.445438431880118946e-02 3.104885092394327750e-01
9.235197965706149148e+00 2.542524448527767156e+00 -3.529631090218778411e+00 9.502801539461258606e-01 -7.818258247014906598e-03 2.396402317305176832e-02 3.103743376110075225e-01
1.056375860829096247e+01 2.485070851298436523e+00 -3.453824219903706805e+00 9.502208020844326031e-01 -7.069082379045109506e-03 2.455960412300778675e-02 3.105274242408503915e-01
1.189633184475829175e+01 2.428778422174680873e+00 -3.378452490392321650e+00 9.498705242997259601e-01 -6.203922890338724357e-03 2.533683005206105454e-02 3.115534359467848069e-01
1.323226001060007739e+01 2.385052614198884591e+00 -3.297672562532262042e+00 9.494083620868142281e-01 -5.704760919002867421e-03 2.530750490966711744e-02 3.129708419289835009e-01
1.456903600390261566e+01 2.336527623206191340e+00 -3.222982330420018471e+00 9.491604048035876540e-01 -5.354202798134398596e-03 2.503884225096085839e-02 3.137497646918919192e-01
1.591787755848555719e+01 2.276910448098615092e+00 -3.161314093905672529e+00 9.490767773550708997e-01 -5.358120214934982209e-03 2.440743208010121013e-02 3.140522862396176729e-01
1.726742475463851179e+01 2.199710070601008649e+00 -3.105764587817815503e+00 9.495112069735839322e-01 -5.658936165579703421e-03 2.290376887037902376e-02 3.128447884248257149e-01
1.861760750416983612e+01 2.108087025808792259e+00 -3.068794881897684679e+00 9.501871680614369930e-01 -5.555368617272887950e-03 2.181637738386636369e-02 3.108657736206376088e-01
1.996896191278573696e+01 2.044388701106060413e+00 -3.033340321418564578e+00 9.505940330432064433e-01 -4.658164263310857721e-03 2.297951575343398778e-02 3.095500407108437990e-01
2.132197117090077043e+01 1.970627080148086741e+00 -2.982382422641203679e+00 9.508538601173375238e-01 -3.733251899551147477e-03 2.382116422494188340e-02 3.086997759396361563e-01
2.268536866461110080e+01 1.921779087966135613e+00 -2.913410783840525209e+00 9.505836230740523085e-01 -3.346237983472406547e-03 2.449806708963548144e-02 3.094825082999645427e-01
2.405081263781692869e+01 1.872408837633706247e+00 -2.850046040195980623e+00 9.502365122849769641e-01 -3.798391429126801288e-03 2.339183143497287898e-02 3.106267296372797748e-01
2.542611087626321975e+01 1.800425392998292073e+00 -2.802993189901215043e+00 9.502492126662371863e-01 -4.256837560792842146e-03 2.155497722992718440e-02 3.107148147703851504e-01
2.679509178828463334e+01 1.706166617544896180e+00 -2.757632631186779815e+00 9.505964810732807635e-01 -4.187530435884244569e-03 2.060193445750951868e-02 3.097165721374183223e-01
2.816824593940366128e+01 1.629227329904232136e+00 -2.718947996422179436e+00 9.513519841014180800e-01 -3.086665893472827129e-03 2.129584892900752632e-02 3.073538053422312788e-01
2.954285559332759448e+01 1.576536095791329695e+00 -2.661419366173591872e+00 9.514415261781598021e-01 -2.356008886144068427e-03 2.234822731287573749e-02 3.070081891772180049e-01
3.092180027594058700e+01 1.531950783052563159e+00 -2.596285657581399509e+00 9.516087260870497166e-01 -2.032908819187334223e-03 2.381318010175925010e-02 3.063815140803313741e-01
3.230677193882969789e+01 1.517784271313533218e+00 -2.523633441806635069e+00 9.512736977023152907e-01 -2.059161946393690303e-03 2.417852141917828379e-02 3.073914621680716719e-01
3.368823444209557039e+01 1.476085508959231740e+00 -2.451192172147936166e+00 9.514383339288252639e-01 -1.641371403503898889e-03 2.519440419457623717e-02 3.068022891504186278e-01
3.508051972484375369e+01 1.445031515922242216e+00 -2.376874943429081455e+00 9.515022511981169329e-01 -1.531819884985910745e-03 2.478847957856488912e-02 3.066376538733273094e-01
3.647708231436245541e+01 1.407199355577555044e+00 -2.310266686647956202e+00 9.516560249421878170e-01 -1.694902409675354922e-03 2.401906330071929344e-02 3.062205448613984915e-01
3.787481332352422925e+01 1.364088151176338748e+00 -2.255186603871298434e+00 9.516684586040535798e-01 -1.758850360893497115e-03 2.313014915998812607e-02 3.062499755811085023e-01
3.927033234698011910e+01 1.327798975464497433e+00 -2.199069383651170995e+00 9.514423458230197861e-01 -1.745199484080198898e-03 2.274222675778926964e-02 3.069807941478544522e-01
4.067275760764629666e+01 1.286487902945651962e+00 -2.141807557705254439e+00 9.513066804426185685e-01 -1.861856345881393463e-03 2.269995373006354275e-02 3.074033918759616069e-01
4.207916248942620996e+01 1.250510643251379062e+00 -2.081794024576439472e+00 9.511183916323560084e-01 -1.913976793079693673e-03 2.217390508919775405e-02 3.080234726844873205e-01
4.348583944495231179e+01 1.187670043066353820e+00 -2.030010253735989867e+00 9.511553064419883130e-01 -1.836565916100129855e-03 2.195036178292140983e-02 3.079259516027870180e-01
4.489419941481367715e+01 1.111287557977824525e+00 -1.986717815983515933e+00 9.513479596145202333e-01 -1.497576567801051648e-03 2.182337650387102673e-02 3.073411089322136691e-01
4.630710915045656861e+01 1.055685817451953445e+00 -1.949833885219941942e+00 9.515613896840199315e-01 -8.501892851349087408e-04 2.163626266349377367e-02 3.066954042348087328e-01
4.772237550757537861e+01 9.941720835833283143e-01 -1.908557789682735928e+00 9.517876960798673514e-01 -1.983119422181593217e-04 2.109716679346547094e-02 3.060311288360063608e-01
4.914489724167516727e+01 9.346659940114265819e-01 -1.880353812775342082e+00 9.518619305521379692e-01 2.074496018344994578e-04 1.999119391192864803e-02 3.058744420447632173e-01
5.056694010437290387e+01 8.687879552502181246e-01 -1.845946206704581760e+00 9.519569200436086565e-01 1.148406984509685617e-03 1.956382217659359199e-02 3.056042545586150627e-01
5.199249692024209679e+01 8.027967458294915648e-01 -1.809253540551504003e+00 9.520567218659533593e-01 1.990384542736245693e-03 1.876615024662996525e-02 3.053389400717633206e-01
5.342072143175257537e+01 7.283720257062801240e-01 -1.793067438395381519e+00 9.522334442256165099e-01 2.790747654110281237e-03 1.788902912852538205e-02 3.048338269657576705e-01
5.484746973937674142e+01 6.512155609167727954e-01 -1.777386635372487200e+00 9.526740834116763645e-01 3.409641885330895114e-03 1.683322329898706213e-02 3.035080027467193520e-01
5.627905283511228873e+01 5.839851504333278820e-01 -1.752169199411711009e+00 9.530105090135796431e-01 4.048035313412869617e-03 1.632014231723162220e-02 3.024702234510439625e-01
5.770719907381023006e+01 5.125625911244225952e-01 -1.718790208934356523e+00 9.535079718262569060e-01 4.784474447964225975e-03 1.634699715119828506e-02 3.008860783621827295e-01
5.913520275908312840e+01 4.573588720994051782e-01 -1.682313224639010008e+00 9.537325740679217789e-01 5.021646754549228056e-03 1.599710867238180942e-02 3.001883620991540602e-01
6.056510271937346346e+01 4.053992199346588832e-01 -1.665339357625255090e+00 9.540187770816166424e-01 4.816912426577281761e-03 1.550969642155182807e-02 2.993065646578483285e-01
6.199076070441254416e+01 3.712714001782433382e-01 -1.646773209135975247e+00 9.542675381440606230e-01 4.526805567954626103e-03 1.517744046628222848e-02 2.985341169392805583e-01
6.341459630250176360e+01 3.044578896435298776e-01 -1.630815231153735168e+00 9.545400638117316205e-01 4.716166855080654655e-03 1.538374186561326622e-02 2.976480553181935496e-01
6.483443686319928645e+01 2.423200814491496269e-01 -1.613649213803619809e+00 9.548913274243738813e-01 4.764255020907555427e-03 1.566592129921188029e-02 2.965036822598661748e-01
6.625265578531831068e+01 2.065706718762521377e-01 -1.585129297631471701e+00 9.548997890855238646e-01 4.771026534448961041e-03 1.577111667666854233e-02 2.964707439006430412e-01
6.766697086482051304e+01 1.741683101950267931e-01 -1.549866884100875142e+00 9.548089594647813927e-01 4.569954652108056126e-03 1.582982127933562494e-02 2.967631769585360457e-01
6.907981896397565436e+01 1.564250509661027355e-01 -1.487269570515300510e+00 9.543871696888408529e-01 4.478847536397738936e-03 1.468197229180163640e-02 2.981769775614680484e-01
7.049407099211337879e+01 1.263681093070509187e-01 -1.435509657824485252e+00 9.540832251102374650e-01 4.177331697307524495e-03 1.379649575946533500e-02 2.991945958200076250e-01
7.190359642742808433e+01 9.761483479628373094e-02 -1.372874112533420732e+00 9.536827388685420459e-01 3.873558051897118583e-03 1.328563493654312533e-02 3.004957920446602038e-01
7.330354783825480069e+01 6.181325331448380561e-02 -1.318734432677560742e+00 9.533492071252482880e-01 3.740349619717633130e-03 1.319014180043493779e-02 3.015581522984701612e-01
7.470639853986969570e+01 2.200119146109289631e-02 -1.279917852941635514e+00 9.532296436205213164e-01 3.464249594611753906e-03 1.342073212048037166e-02 3.019290139208067325e-01
7.610913550707577713e+01 -1.133542947323317417e-02 -1.246872623222500476e+00 9.532262679376199976e-01 3.077720683868208525e-03 1.355068531069884494e-02 3.019380543699636266e-01
7.750589390080460817e+01 -5.064437772957926936e-02 -1.214583589623810411e+00 9.533454188093032355e-01 2.883343557342470369e-03 1.337516747291888838e-02 3.015713906528863508e-01
7.889931005701951960e+01 -1.243598929396104030e-01 -1.191199470719049414e+00 9.536938618421918479e-01 2.883974596001054585e-03 1.355125316656428242e-02 3.004597545640206868e-01
8.028804049458280190e+01 -2.150476002397071762e-01 -1.169649061800883239e+00 9.540706772551469372e-01 3.230560948821628846e-03 1.404503063485535753e-02 2.992347630077885068e-01
8.167338089964725611e+01 -2.781155770723053311e-01 -1.150376795872733782e+00 9.543543672410010892e-01 3.479262559586782187e-03 1.385218763283772511e-02 2.983349683792608786e-01
8.305966753001992231e+01 -3.376464984444285111e-01 -1.135313075899612612e+00 9.545511374203369259e-01 3.547183793396727850e-03 1.377656290104094586e-02 2.977074904185491033e-01
8.444640578485758908e+01 -3.879667002440781443e-01 -1.110900554067231205e+00 9.547652092886020903e-01 4.172730349833243466e-03 1.365264028452134286e-02 2.970178258401015015e-01
8.582909849866409502e+01 -4.201926074453278814e-01 -1.082846556097916135e+00 9.548844124793530730e-01 4.516717116305032399e-03 1.315195057004754121e-02 2.966519581372334957e-01
8.721427045879349294e+01 -4.654422077690569814e-01 -1.064158508324115404e+00 9.551957528411609832e-01 5.052565727530639213e-03 1.207664823455291067e-02 2.956851364225049350e-01
8.859347971931497057e+01 -5.198647753562540830e-01 -1.052613844024632872e+00 9.557592539986450308e-01 5.610007292823924151e-03 1.116758417554370060e-02 2.938844352425120654e-01
8.997112657148628045e+01 -5.733729146083615946e-01 -1.054508683782187539e+00 9.561895668636178902e-01 6.371780768749070109e-03 1.037624895973974191e-02 2.924948650635207925e-01
9.134013066298901151e+01 -6.325258249657507159e-01 -1.057316353556719379e+00 9.566380253021254942e-01 7.012393686781935587e-03 1.008033517054670800e-02 2.910204489785571114e-01
9.270704896833534292e+01 -6.711820241290114009e-01 -1.065925854967463060e+00 9.569392180165923190e-01 7.617423558670802231e-03 9.912061900806632200e-03 2.900190664576987598e-01
9.407046584242675635e+01 -6.903807811327948851e-01 -1.067625334334268317e+00 9.572097526897470621e-01 8.329466373965194528e-03 9.652598454879894249e-03 2.891140548099094820e-01
9.542908587402259002e+01 -7.045076453671137440e-01 -1.041469999852788320e+00 9.572209031698262205e-01 8.560264660565995720e-03 9.701814667875606826e-03 2.890687447577711677e-01
9.678361403314220013e+01 -7.046965781493880199e-01 -1.029090716954041529e+00 9.573639156442474984e-01 8.893037573962347606e-03 9.637616892199199828e-03 2.885868383098261214e-01
9.813636260172322068e+01 -7.129598779237603656e-01 -9.973658944606811350e-01 9.573990835710149971e-01 9.261360971773576270e-03 9.821518300020063916e-03 2.884523526487755007e-01
9.948737461185146458e+01 -7.158170712191268548e-01 -9.731058897278519471e-01 9.573409882782840663e-01 9.323636949524986145e-03 9.384265039014089843e-03 2.886576476140369496e-01
1.008338726057849897e+02 -7.235643403391205375e-01 -9.636023782217931766e-01 9.573229360812925970e-01 9.374817406359961872e-03 8.251296488708773080e-03 2.887504544715841504e-01
1.021802611336860451e+02 -7.341557010588016796e-01 -9.407302485392569080e-01 9.572866977652612075e-01 9.237535373551077067e-03 7.332980677433639793e-03 2.888997639602504663e-01
1.035215841341860425e+02 -7.629930538527538442e-01 -9.118094486569514601e-01 9.575246540941305673e-01 9.814360177604950983e-03 7.716087731298382039e-03 2.880810252799425042e-01
1.048611679832410886e+02 -7.947236870722396151e-01 -8.935944417206208579e-01 9.576392464864265097e-01 1.062417423290369298e-02 8.652256179206159123e-03 2.876444662665832430e-01
1.061986643391689142e+02 -8.138216173729986291e-01 -8.882051894637641443e-01 9.578365136053342832e-01 1.111008573877469811e-02 9.185858821722688028e-03 2.869519109484418573e-01
1.075446421623557285e+02 -8.285880326351422465e-01 -8.917832107683215659e-01 9.582022499608207067e-01 1.096431396084983530e-02 8.479223624294589257e-03 2.857557256751264707e-01
1.088871320242354557e+02 -8.452203916752084600e-01 -8.931306168112621569e-01 9.586305758362826390e-01 1.044665275883343430e-02 7.339902587237772877e-03 2.843666864243123982e-01
1.102268672940858494e+02 -8.608751900203984730e-01 -8.916865166121343833e-01 9.589113551685761738e-01 9.944144957137182259e-03 7.160903708785039921e-03 2.834410844741986901e-01
1.115602432571026696e+02 -8.814956369397627389e-01 -8.852444489423830776e-01 9.590934513547296758e-01 9.945285397817603401e-03 7.995786114855100643e-03 2.828018922695429982e-01
1.128901582645470683e+02 -8.872243343103932700e-01 -8.794414281511985232e-01 9.590026762359661339e-01 1.008700694506322118e-02 9.305590314437424751e-03 2.830645248914900880e-01
1.142149993048679306e+02 -8.724624544288993588e-01 -8.700343018651859328e-01 9.589360603368359826e-01 9.717785741909682612e-03 1.059295360315211203e-02 2.832578086477117729e-01
1.155478527239239099e+02 -8.657403240704030223e-01 -8.684180558791931848e-01 9.587906552863748599e-01 8.858182050612775291e-03 1.066928674362754501e-02 2.837748725075292522e-01
1.168820081425203199e+02 -8.769487505495882074e-01 -8.774277739385930586e-01 9.587498225367406812e-01 7.956880447117037347e-03 1.005703839272097284e-02 2.839618316219377214e-01
1.182176575988571159e+02 -8.877249562497566693e-01 -8.838946333037432934e-01 9.588027998404322627e-01 7.286043635907036090e-03 9.118281477315871505e-03 2.838326294300635433e-01
1.195522709183424723e+02 -9.222031423199594791e-01 -9.008173101221590429e-01 9.589058879525953483e-01 7.171063925207912110e-03 8.854647884945882411e-03 2.834954481166478968e-01
1.208952397410433406e+02 -9.807170354184382433e-01 -8.717861510744457920e-01 9.590914450444061323e-01 6.751985355607709356e-03 9.233013221253172018e-03 2.828652721760777089e-01
1.222601080752276204e+02 -1.025827163631615857e+00 -8.771871034142429968e-01 9.590711113416525713e-01 5.891661369742017679e-03 9.879600542510453762e-03 2.829315910415665658e-01
1.236163124470496797e+02 -1.077367011947478304e+00 -8.562007167144920494e-01 9.589507653619809835e-01 5.348143205624674053e-03 1.014888498624717458e-02 2.833404791226605268e-01
1.249764000080491542e+02 -1.117134110605488395e+00 -8.333051036177151483e-01 9.589471600339128932e-01 5.265278894709221613e-03 1.064614045394743705e-02 2.833359857033498352e-01
1.263306825405785929e+02 -1.158323683085809019e+00 -8.133252938232453655e-01 9.590012667440999117e-01 4.957603658307558302e-03 1.119188074420591344e-02 2.831373065397531641e-01
1.276873350777774192e+02 -1.196189541471090356e+00 -8.049259569819676718e-01 9.593015327383807023e-01 4.526521310686186343e-03 1.129825994953991344e-02 2.821213023022722255e-01
1.290454269617976877e+02 -1.218443613154377436e+00 -7.707715045390877151e-01 9.594413656668282497e-01 4.231148755403898835e-03 1.039127919922952677e-02 2.816849029397650028e-01
1.304037407838346496e+02 -1.260352431693108066e+00 -7.551005469066486286e-01 9.598201927855812832e-01 3.747686653620841985e-03 9.754799274408962328e-03 2.804211052273206661e-01
1.317532576287110260e+02 -1.290299001134592949e+00 -7.254981681906478297e-01 9.601465572148097927e-01 3.820122560713056295e-03 9.207461424999448946e-03 2.793192044709355004e-01
1.331076837042827208e+02 -1.340712473471949551e+00 -7.065474602209319555e-01 9.606483234155355211e-01 3.914885358069932972e-03 8.804833459780073146e-03 2.776003373544411734e-01
1.344607390439785775e+02 -1.357558359735552500e+00 -6.830874715531698449e-01 9.611838057774947375e-01 4.426540436213760067e-03 7.677397300718665114e-03 2.757664860376342619e-01
1.358152428446949500e+02 -1.384338898779054361e+00 -6.656173073030015042e-01 9.617589989345377566e-01 5.090052180635916239e-03 7.137207065899349792e-03 2.737567891624473337e-01
1.371623552615497772e+02 -1.410126328426551945e+00 -6.473501228504912053e-01 9.621435157887228140e-01 5.936575889890208756e-03 6.518388221684205674e-03 2.724006657616875882e-01
1.385155016977390972e+02 -1.428665611190467644e+00 -6.576399051567525245e-01 9.624967092671673496e-01 6.242931272497407626e-03 5.481569079239984738e-03 2.711661167244722725e-01
1.398668993802766352e+02 -1.455055036005343361e+00 -6.612557125093577737e-01 9.627504690119680353e-01 6.944348624590884582e-03 4.968962768812157545e-03 2.702565815080513190e-01
1.412187094295535132e+02 -1.472653666323441302e+00 -6.613111564323479463e-01 9.628578246784840200e-01 7.723079132659878623e-03 4.645414721618593493e-03 2.698584510927769520e-01
1.425690337907383594e+02 -1.506969254505497569e+00 -6.648962773551551075e-01 9.630032558963612654e-01 8.557903940937602524e-03 4.803815200187086000e-03 2.693110000959251238e-01
1.439177034010023419e+02 -1.542542703269533577e+00 -6.709049410218039800e-01 9.632134902251252573e-01 9.188462346214050155e-03 4.800901351537272162e-03 2.685373265567700951e-01
1.452663526763718949e+02 -1.584023211876846249e+00 -6.875706739774599674e-01 9.637635605510024295e-01 1.031692232542380169e-02 5.805866441506831767e-03 2.664951263769166356e-01
1.466101178274724361e+02 -1.637562748979426219e+00 -6.987468520536368466e-01 9.646903626371488016e-01 1.130401651987541882e-02 5.593309562794270690e-03 2.630844699590978442e-01
1.479624734928051168e+02 -1.704211801004145821e+00 -7.313502252806951542e-01 9.659234326864460929e-01 1.183615557365109289e-02 4.007306078766648995e-03 2.585261478196353990e-01
1.493114305753641986e+02 -1.755483191556855616e+00 -7.756649672341801027e-01 9.670483003770498076e-01 1.273162552873999959e-02 2.592992079260208332e-03 2.542612177295861531e-01
1.506571684414426784e+02 -1.787035918784120270e+00 -8.133755110241738251e-01 9.676968381096558991e-01 1.393253972173713086e-02 4.041700459074593077e-03 2.516989839210236890e-01
1.520021356394800307e+02 -1.796558787953685510e+00 -8.295005051592744261e-01 9.677979968033975089e-01 1.434075919109215232e-02 5.567710585501566521e-03 2.512575981099679501e-01
1.533494977998095692e+02 -1.792232620131412268e+00 -8.340095232150105398e-01 9.676281364249682548e-01 1.435004121735817227e-02 6.590836957857510413e-03 2.518857415257918508e-01
1.546978679306841400e+02 -1.786195162775872980e+00 -8.552788515467991681e-01 9.676794868269805727e-01 1.361524653769159710e-02 6.712740103544312907e-03 2.517259918170785538e-01
1.560472723856011328e+02 -1.798687434910332783e+00 -8.976956898375914040e-01 9.681782134030547660e-01 1.292093513298570029e-02 4.775112680423991215e-03 2.498823619742847058e-01
1.573973852381940617e+02 -1.832152123234120467e+00 -9.479195930360452271e-01 9.689652933670297452e-01 1.226253908262826126e-02 3.188810111068888717e-03 2.468718733988715386e-01
1.587461953632630411e+02 -1.872585803835361773e+00 -1.000517208484914100e+00 9.696805404002040163e-01 1.192558219957327512e-02 2.466884861923725886e-03 2.440724165846017424e-01
1.600936362584863559e+02 -1.904541770125480538e+00 -1.028320543072831272e+00 9.700910432627455338e-01 1.204978095494617547e-02 2.419713969748472915e-03 2.424300219540485302e-01
1.614454203902062659e+02 -1.910162099526763191e+00 -1.041330198596589041e+00 9.700542796063600370e-01 1.154927128009247510e-02 2.097563526180222428e-03 2.426044294268722423e-01
1.627966130773111217e+02 -1.906164605535451306e+00 -1.036884173755876715e+00 9.698311177527280114e-01 1.124777804026357367e-02 2.548057907650956404e-03 2.435048211607945545e-01
1.641487109105883064e+02 -1.891243410809395398e+00 -1.031244089157683730e+00 9.695834117763677540e-01 1.125505745732179388e-02 3.647637864853860851e-03 2.444750008236785954e-01
1.655012611218641609e+02 -1.877401566609041117e+00 -1.035189769331270826e+00 9.694345400655224321e-01 1.105737925590957911e-02 3.744028629938130244e-03 2.450722120958600536e-01
1.668609500440809086e+02 -1.868699602329891851e+00 -1.047679215951978104e+00 9.693314787660401999e-01 1.089425236138599588e-02 2.942067436664512741e-03 2.454977469915481936e-01
1.682233754286155545e+02 -1.872678689385421036e+00 -1.061561282555077756e+00 9.691974273762514747e-01 1.136530777389419683e-02 3.059218446609233370e-03 2.460036945433060895e-01
1.695848280239955557e+02 -1.877718530484520754e+00 -1.084251205218272673e+00 9.690946164429006249e-01 1.229500894988746172e-02 4.112649903250036737e-03 2.463484183977700248e-01
1.709458644587767253e+02 -1.870413858295147724e+00 -1.095367690702082619e+00 9.688104462530015004e-01 1.366396282357146968e-02 5.243568038339545614e-03 2.473704112161429491e-01
1.723114023396428820e+02 -1.846791902931642637e+00 -1.117914235114763954e+00 9.683197316743135108e-01 1.465691320511542696e-02 5.576531645523566914e-03 2.492207343707375233e-01
1.736812478000500164e+02 -1.809952723622733739e+00 -1.130550251844076204e+00 9.679457412989617149e-01 1.506724134526108566e-02 4.432519043005795321e-03 2.506678537714409627e-01
1.750587166914386898e+02 -1.787952029592246417e+00 -1.151269134908182057e+00 9.678378880047754373e-01 1.493156639768911456e-02 2.861937560182963546e-03 2.511148744713634917e-01
1.764393020683717737e+02 -1.788841895869434984e+00 -1.186647408063908005e+00 9.678611044393419238e-01 1.468338606881892765e-02 1.309200719626891227e-03 2.510529160963625439e-01
1.778161697361124709e+02 -1.818579873961357896e+00 -1.232780182131252511e+00 9.684447551310005897e-01 1.509955996634375353e-02 4.066006714564534977e-04 2.487701634520772531e-01
1.791921513460047493e+02 -1.827475137401919358e+00 -1.282038110519788665e+00 9.688814880500528082e-01 1.620329761981977382e-02 -1.562094994599405367e-04 2.469941109798999279e-01
1.805737482931843942e+02 -1.795345230950992299e+00 -1.326134345658486202e+00 9.689716665401829632e-01 1.767697794085017898e-02 1.849388528833126365e-03 2.465319728864569793e-01
1.819539090885447195e+02 -1.757397556821915341e+00 -1.343454952517652901e+00 9.687610555457548678e-01 1.904253623643657745e-02 4.016208699095662714e-03 2.472312058362457210e-01
1.833426928158168607e+02 -1.702358593648492846e+00 -1.349701445389414500e+00 9.680879039527210406e-01 1.935009961217476829e-02 4.299584175618244297e-03 2.498257341455097091e-01
1.847381036872909306e+02 -1.690884400943432953e+00 -1.369762332313338105e+00 9.677738248009096766e-01 1.955405863323583099e-02 3.629510111050508053e-03 2.510344388277035987e-01
1.861343590769545528e+02 -1.655167485823778373e+00 -1.394678226240579688e+00 9.674704304035522950e-01 1.928310114604065220e-02 1.869758922983105320e-03 2.522412184923920053e-01
1.875346608379153963e+02 -1.661842329735774948e+00 -1.435585478022455064e+00 9.673450463171443525e-01 1.898190437401358482e-02 9.766760229791698888e-04 2.527494703772174001e-01
1.889368885918332523e+02 -1.669866378196376289e+00 -1.483324489989827022e+00 9.674349054777181545e-01 1.910266526701570253e-02 3.844133477448293044e-04 2.523977893512397985e-01
1.903419802345554217e+02 -1.673830452385904444e+00 -1.534402515554381896e+00 9.677183200721973799e-01 1.917932225918386399e-02 2.067059518693456272e-07 2.513034154051228541e-01
1.917501188881683731e+02 -1.674604232407374438e+00 -1.597616845880910796e+00 9.679414638716710151e-01 1.932040672995003969e-02 -1.607991381637905923e-04 2.504316644224392485e-01
1.931592939392151891e+02 -1.669053704352471135e+00 -1.648328030835254809e+00 9.682382564915574807e-01 1.946564815375793900e-02 -2.621568268830439040e-04 2.492703321334916178e-01
1.945782634915108247e+02 -1.682451155584328673e+00 -1.701961769620685905e+00 9.686493060217883366e-01 1.925001751408035242e-02 -6.601934816101670024e-04 2.476843210899354886e-01
1.959973475509941068e+02 -1.706845563812949162e+00 -1.773304059090632379e+00 9.693841455221952064e-01 1.912108216523967369e-02 -1.617957019423757904e-03 2.447981716478227765e-01
1.974195032419611948e+02 -1.727704407340756365e+00 -1.832553661378790721e+00 9.698576018724039960e-01 1.908343782924009496e-02 -1.535448459195609076e-03 2.429191159397630917e-01
1.988409562361624694e+02 -1.719516038933085245e+00 -1.867058752595331050e+00 9.698148585297601265e-01 1.975407418555635494e-02 6.162957641595379413e-04 2.430401960736208178e-01
2.002653043826003056e+02 -1.665264279342797860e+00 -1.873281744742720800e+00 9.688749053705180136e-01 2.014175456332245942e-02 3.468770345641734778e-03 2.467056851770343950e-01
2.016987101532555471e+02 -1.595139287803668093e+00 -1.882940822887924526e+00 9.677572439153122597e-01 1.928653286619651588e-02 3.447327658077632782e-03 2.511216088500902166e-01
2.031371949671465416e+02 -1.542873342420097327e+00 -1.888536809889198587e+00 9.668558459023673946e-01 1.829477152687962807e-02 1.127811027166308313e-03 2.546640976295715397e-01
2.045757726662469054e+02 -1.529124019212268148e+00 -1.928415882518074831e+00 9.668536415796391559e-01 1.760391688196096330e-02 -8.014830397482939001e-05 2.547236374011119797e-01
2.060142928248392309e+02 -1.549439095128688715e+00 -1.973792880782721415e+00 9.672650981439357976e-01 1.774945382162331983e-02 -5.938397481812835062e-04 2.531458752498053633e-01
2.074621688279012801e+02 -1.563716723878994630e+00 -2.038950698270607820e+00 9.677900285526405133e-01 1.838689720979886852e-02 -1.002041172060576463e-03 2.510844052476475796e-01
2.089119140217835877e+02 -1.571676754956938815e+00 -2.100261328170151653e+00 9.681913185658469478e-01 1.897707226052021412e-02 -9.769004539377328360e-04 2.494884507299859611e-01
2.103675582642536313e+02 -1.562653922157691611e+00 -2.157006612416682678e+00 9.682847585598507445e-01 1.931539233141935444e-02 -8.801198356732707704e-04 2.490999143894871981e-01
2.118299331262689407e+02 -1.552043813501534641e+00 -2.211289462015209484e+00 9.682582521550618937e-01 1.944093257466171509e-02 -1.177757462648821359e-03 2.491919343831399680e-01
2.132912875235086858e+02 -1.547149454789579215e+00 -2.257201320403373401e+00 9.681972964154875738e-01 1.935841467294127302e-02 -1.770708029290948967e-03 2.494315769668429272e-01
2.147615479703142682e+02 -1.550829279142741823e+00 -2.291556729331288622e+00 9.683841726969615316e-01 1.965429650603364026e-02 -1.838741496741648973e-03 2.486813658652017589e-01
2.162351177791693431e+02 -1.557826469015590742e+00 -2.319762664084580095e+00 9.685300068348610125e-01 2.005680616008252010e-02 -1.534421916239350888e-03 2.480826393291233611e-01
2.177114394445073344e+02 -1.549170881067749139e+00 -2.350240681218403349e+00 9.687353248276966422e-01 2.027200174335819574e-02 -1.525245232381534748e-03 2.472621887860648460e-01
2.191929578040973468e+02 -1.530021387648799358e+00 -2.384947390275408807e+00 9.688185708891129400e-01 2.055365669193122066e-02 -1.696744915162130352e-03 2.469114111450903259e-01
2.206714916390907320e+02 -1.500952058252871257e+00 -2.406277855227811457e+00 9.689025075319612768e-01 2.071449473440995642e-02 -1.657055572224930577e-03 2.465686410981865473e-01
2.221580958790340787e+02 -1.461106811862166399e+00 -2.450875260041812886e+00 9.689775525081828489e-01 2.099788851209478946e-02 -1.830250709401024314e-03 2.462483331834471600e-01
2.236428170026003386e+02 -1.428805290857551480e+00 -2.494158329932840257e+00 9.689606054210798680e-01 2.132405291519299390e-02 -1.772108486692805084e-03 2.462874124692444877e-01
2.251331157854760363e+02 -1.409328143253198329e+00 -2.539275068311221961e+00 9.691126861233438916e-01 2.152765906614835870e-02 -1.822326318875080835e-03 2.456701866664255940e-01
2.266238258139394190e+02 -1.372004892921588892e+00 -2.581299294411036449e+00 9.691219763232349349e-01 2.171011189031402111e-02 -1.994578558594940591e-03 2.456161389351913804e-01
2.281160107868633418e+02 -1.360166876762777699e+00 -2.620290257230361686e+00 9.693225934940625788e-01 2.187670224815656955e-02 -2.062386158270210126e-03 2.448078148344612071e-01
2.296078652869268524e+02 -1.358564520231460904e+00 -2.663384893066331305e+00 9.696444404357543734e-01 2.198098517828661960e-02 -1.952627981646177071e-03 2.435214213710781006e-01
2.311032262181049077e+02 -1.345230415688480008e+00 -2.697883571810390624e+00 9.699071030212548239e-01 2.208520171806364202e-02 -2.228762851653092684e-03 2.424613123575398710e-01
2.326009307802933677e+02 -1.329172483218479250e+00 -2.735549676848503697e+00 9.702165800574370502e-01 2.200914995126143636e-02 -2.712296795069687929e-03 2.412219487239274374e-01
2.340974174768444414e+02 -1.296079034259158602e+00 -2.772306483574273450e+00 9.703693067782654946e-01 2.208894900995566485e-02 -3.007402612997067768e-03 2.405960147712914998e-01
2.355998335155151722e+02 -1.273814072478769210e+00 -2.803339959500834588e+00 9.705243838798508493e-01 2.230897627086801324e-02 -3.023456129573468161e-03 2.399491374967088198e-01
2.371068226074804670e+02 -1.245532103827532877e+00 -2.817857536143802744e+00 9.706660332608791908e-01 2.246456947343009741e-02 -2.763668961954397155e-03 2.393640681594293163e-01
2.386132487530377659e+02 -1.205630199648941803e+00 -2.829953854779328815e+00 9.707003450887735641e-01 2.250137738946203503e-02 -3.223489722948281490e-03 2.392156708372571716e-01
2.401246620289715850e+02 -1.171189534460524539e+00 -2.859458918422054019e+00 9.707502058732373484e-01 2.210279188827031852e-02 -4.451954902667043697e-03 2.390307187065202066e-01
2.416367082636728298e+02 -1.140277461968827621e+00 -2.882220500041788203e+00 9.709076126632639747e-01 2.185790648623350124e-02 -4.830784447753364193e-03 2.384057531146844544e-01
2.431543496060059510e+02 -1.119226632847281744e+00 -2.882159324114411891e+00 9.710290074152477802e-01 2.187160178135473185e-02 -4.213437562611929699e-03 2.379213036648514246e-01
2.446706883928083300e+02 -1.109972023483441150e+00 -2.883821816068115496e+00 9.711392280766938390e-01 2.196130360856256986e-02 -3.834730846451378777e-03 2.374691467828002334e-01
2.461933606514552650e+02 -1.113314293837290858e+00 -2.889237357591702082e+00 9.711964665920359563e-01 2.208095987367711052e-02 -4.297283560557211592e-03 2.372159097619750134e-01
2.477195392273674202e+02 -1.124890384188740544e+00 -2.891109604969964497e+00 9.713795517352278308e-01 2.244777077758503339e-02 -5.241963685404644156e-03 2.364114757673702050e-01
2.492414537286759355e+02 -1.139162995102632969e+00 -2.874004404754757491e+00 9.714205939723452587e-01 2.283058214641798395e-02 -5.955836109252846296e-03 2.361891660121422931e-01
2.507711222486167344e+02 -1.158899664704478027e+00 -2.863169796780684173e+00 9.713996010351667598e-01 2.355714118627116882e-02 -6.568314169331108607e-03 2.361879197944340703e-01
2.523003075226505132e+02 -1.172796351353811772e+00 -2.870538718430969638e+00 9.713975533282397379e-01 2.374642059675799791e-02 -6.985827691348237348e-03 2.361654062478633909e-01
2.538346910989901062e+02 -1.177347860711702943e+00 -2.885332851611047467e+00 9.714138332960864375e-01 2.395231059645877222e-02 -7.349741861977335776e-03 2.360665850828029266e-01
2.553676270309032077e+02 -1.186268777086316950e+00 -2.899829206877376109e+00 9.714726650818140685e-01 2.437627108433694859e-02 -7.860732534254871728e-03 2.357644317764772679e-01
2.569030719123768449e+02 -1.208757022422315641e+00 -2.938760954464833652e+00 9.716443782639638815e-01 2.476969790720401007e-02 -8.217608585086052034e-03 2.350024152275104750e-01
2.584425325046511261e+02 -1.229804273477854926e+00 -2.964254271255661433e+00 9.719644482570656274e-01 2.508622456643625973e-02 -9.092798121233071351e-03 2.336088904208626360e-01
2.599822762658249076e+02 -1.263047118506154032e+00 -3.007104381544824623e+00 9.722364983724987031e-01 2.577902902653056438e-02 -9.813596259764608212e-03 2.323689441885078699e-01
2.615176510998982167e+02 -1.288653033454449481e+00 -3.059723566890620194e+00 9.724716356306492004e-01 2.642023609828857839e-02 -9.723037605984743634e-03 2.313143998070012475e-01
2.630558054434332007e+02 -1.301032784557042854e+00 -3.122269742689028238e+00 9.726339219964557081e-01 2.693773009020854203e-02 -9.427089577699318546e-03 2.305834826293364503e-01
2.645938906258996894e+02 -1.326025840998631411e+00 -3.191148806137265481e+00 9.728581009200116814e-01 2.679541754247402596e-02 -1.050293221327799204e-02 2.296057697183503665e-01
2.661397862572248414e+02 -1.328375663349447899e+00 -3.264065270319518319e+00 9.730890244031928926e-01 2.665329648465161391e-02 -1.153863237860225377e-02 2.285918028612903830e-01
2.676807230663497421e+02 -1.319324264278568082e+00 -3.339873699955875352e+00 9.733098114843536930e-01 2.680320562758748901e-02 -1.130522879178009164e-02 2.276440002247860084e-01
2.692210043080798414e+02 -1.310680208100952981e+00 -3.397554183119267712e+00 9.734340281248056170e-01 2.693726222928533032e-02 -1.083161126884707622e-02 2.271194685394153923e-01
2.707613015994263606e+02 -1.303752309292717015e+00 -3.453434690212354052e+00 9.734695416312907357e-01 2.688774281733523341e-02 -1.073414556365573889e-02 2.269777057804838738e-01
2.723035244942623194e+02 -1.302199305055597334e+00 -3.511575950395590784e+00 9.733994835026225090e-01 2.686390319367322824e-02 -1.064674563988479879e-02 2.272848939751790087e-01
2.738508924830331352e+02 -1.296378481423706708e+00 -3.567277011914657070e+00 9.733666589847320694e-01 2.659599241695622188e-02 -1.040178040782899736e-02 2.274682468578964334e-01
2.753925431021150416e+02 -1.266538505020565974e+00 -3.649457275361875475e+00 9.733586426983729112e-01 2.646214552889762997e-02 -1.031841591521836209e-02 2.275219502188512155e-01
2.769397084615023914e+02 -1.264533893078684246e+00 -3.715007733992876204e+00 9.733926792410877438e-01 2.648064077255595297e-02 -1.022432507697193516e-02 2.273783869255218137e-01
2.784825768271415427e+02 -1.259121262555319420e+00 -3.765311398407867216e+00 9.734531803543218231e-01 2.641218236450776011e-02 -9.748998377757996797e-03 2.271480999511786003e-01
2.800338929351820525e+02 -1.262460268244989026e+00 -3.815688267878491136e+00 9.736576092641087143e-01 2.641634382219750637e-02 -9.493820258486412866e-03 2.262805870552465071e-01
2.815848767123188736e+02 -1.245028674089891929e+00 -3.883795997458495908e+00 9.737921710819654741e-01 2.639067259287894429e-02 -9.817791372176663811e-03 2.256899441980965426e-01
2.831397896554137787e+02 -1.234116604655334903e+00 -3.938750109150532808e+00 9.740181955929912982e-01 2.597455904333855620e-02 -1.051850409311059532e-02 2.247292549000260153e-01
2.846904302548434771e+02 -1.207696500265511785e+00 -4.009595863273959004e+00 9.741947442077872887e-01 2.631350028585137044e-02 -1.112604602543611904e-02 2.238937497128277443e-01
2.862357301422517821e+02 -1.229788580099066220e+00 -4.073053093480431208e+00 9.744799251764475478e-01 2.707599983967882984e-02 -1.019773728326462715e-02 2.226022727087225983e-01
2.877904393927905176e+02 -1.247425888058026677e+00 -4.144245965615728444e+00 9.747869538263554956e-01 2.819982788755548420e-02 -9.553902390970628669e-03 2.211422332033180782e-01
2.893442725586323832e+02 -1.259078534053208021e+00 -4.218239844553663964e+00 9.748732323254775123e-01 2.909629413775710605e-02 -1.007141595450795554e-02 2.206221954912881145e-01
2.909003379122643764e+02 -1.259963136512914028e+00 -4.306032401776134222e+00 9.751230816692487702e-01 2.966266396221595505e-02 -1.069990418138823049e-02 2.194096944372360691e-01
2.924593115446654110e+02 -1.239531888876656440e+00 -4.376796541769796711e+00 9.752172052185904549e-01 3.035257083273882467e-02 -1.058583368849733489e-02 2.189019511438964061e-01
2.940219772519167236e+02 -1.199867229266389224e+00 -4.435917361269626547e+00 9.753378651716301251e-01 3.084648881857123340e-02 -1.069444467235210368e-02 2.182891929142686260e-01
2.955901174506135476e+02 -1.128760940040998140e+00 -4.498708015067469645e+00 9.753834923284445679e-01 3.117731888479441729e-02 -1.152241677575552119e-02 2.179959898529525708e-01
2.971600984662237579e+02 -1.087937844431026813e+00 -4.596169666476925819e+00 9.755696008483550896e-01 3.202851863433037877e-02 -1.226361422648311432e-02 2.169970775397114804e-01
2.987357817582843609e+02 -1.041283141574278925e+00 -4.697876003572576842e+00 9.757418068305864223e-01 3.272825402789518445e-02 -1.369016024512542153e-02 2.160309406166877610e-01
3.003203274178388256e+02 -9.794091051998767838e-01 -4.786886162034568848e+00 9.756461535072732394e-01 3.338364843865045811e-02 -1.502392911085020412e-02 2.162738928244894721e-01
3.019034026759919698e+02 -9.359920438737130421e-01 -4.875838789079306679e+00 9.757245555696910655e-01 3.339392927468625566e-02 -1.540025509876594666e-02 2.158917999573371771e-01
3.034940605629217316e+02 -8.668863211879186403e-01 -4.946623326177275182e+00 9.758587813927050991e-01 3.336594547498530905e-02 -1.580642000129659636e-02 2.152591683251789123e-01
3.050889881191145605e+02 -8.019931287214117077e-01 -5.026814969724095583e+00 9.761635114134810109e-01 3.367245395539364416e-02 -1.646588022277270524e-02 2.137752081463468179e-01
3.066838100507134186e+02 -7.480393244783060114e-01 -5.156533828588466761e+00 9.767403110461811977e-01 3.408700719090405895e-02 -1.674614707477738162e-02 2.110355592698221483e-01
3.082853063613865743e+02 -7.354341878361929652e-01 -5.259441903675925012e+00 9.771214120136602066e-01 3.454722941803336361e-02 -1.598874657864550464e-02 2.092476884145019478e-01
3.098900857682612013e+02 -7.031194233856103981e-01 -5.376574897505304484e+00 9.772992221558920445e-01 3.526055504515050038e-02 -1.577417868473286397e-02 2.083125030290274016e-01
3.115001576485359465e+02 -6.422805245276053121e-01 -5.503127426185998594e+00 9.772947467362563811e-01 3.690270690975286372e-02 -1.587283593236281723e-02 2.080413932464247884e-01
3.131080844601248145e+02 -5.794291930370192301e-01 -5.620765077111589569e+00 9.772349780991128609e-01 3.821333639827957651e-02 -1.686648107172475375e-02 2.080073564016312049e-01
3.147292261870953780e+02 -5.192537738560654148e-01 -5.728006453079662386e+00 9.771389746405829690e-01 3.833106529128990636e-02 -1.900372283012062916e-02 2.082522801569788029e-01
3.163511559369857196e+02 -4.629281618658784292e-01 -5.868588952439507622e+00 9.773401745090738446e-01 3.800352922599024158e-02 -2.091186289298466172e-02 2.071825500549868693e-01
3.179756007820343484e+02 -4.066335030117790295e-01 -6.000959493130451072e+00 9.775200064441047498e-01 3.826285573434525661e-02 -2.171061327763296536e-02 2.062019402034789284e-01
3.196010856609897246e+02 -3.439394379734614371e-01 -6.108397931617109755e+00 9.777676636499378349e-01 3.875232527216079109e-02 -2.126967129923451605e-02 2.049786678885520408e-01
3.212278458169952273e+02 -2.907698347833229113e-01 -6.224008788561117278e+00 9.779644092767544317e-01 3.925803469127649159e-02 -2.142281390039570133e-02 2.039251920306476840e-01
3.228561564116441787e+02 -2.272538411188322338e-01 -6.336949479467013369e+00 9.780314200546347259e-01 3.950954531872887671e-02 -2.173823358653042756e-02 2.035214642615349456e-01
3.244796568048576546e+02 -1.695249893294361598e-01 -6.439865821778520960e+00 9.781335234686654445e-01 3.980999727285365608e-02 -2.204996303123735873e-02 2.029378562866728242e-01
3.261068190044642279e+02 -1.303125604781303626e-01 -6.535208930890733292e+00 9.781178289204218723e-01 4.044501119670917966e-02 -2.194938032730894828e-02 2.028988381448879053e-01
3.277313068235320088e+02 -4.397015453256171436e-02 -6.658714884763433872e+00 9.781268145843541317e-01 4.037226747482928341e-02 -2.199367681935407090e-02 2.028652084266081568e-01
3.293518858828153952e+02 3.885332315733627112e-02 -6.795796359227179728e+00 9.782993163186644026e-01 4.008391154165391601e-02 -2.353437822541910168e-02 2.019154792666915943e-01
3.309711362265593380e+02 1.350715682613282120e-01 -6.940125299740685705e+00 9.784806265857811658e-01 4.019895329700433340e-02 -2.464449550952286030e-02 2.008789595532677885e-01
3.325845298791157347e+02 2.030459201585464724e-01 -7.073774311589146713e+00 9.787451370321933464e-01 4.091894374371140425e-02 -2.424344351684851878e-02 1.994889777034747902e-01
3.342007988544679620e+02 2.661478731112826290e-01 -7.192921204033193128e+00 9.786789786409655356e-01 4.137697449053635845e-02 -2.460790947665154188e-02 1.996743687594255412e-01
3.358083953294263893e+02 3.609030733331110019e-01 -7.314528344784451797e+00 9.786796203168545150e-01 4.196459997148216381e-02 -2.388849688964774301e-02 1.996359507755157414e-01
3.374118947270834497e+02 4.574900731630179296e-01 -7.410703550492989677e+00 9.785888830508973069e-01 4.295589327518715972e-02 -2.287152100332855154e-02 1.999887065039477607e-01
3.390194974850149947e+02 5.494836544642349718e-01 -7.510421627148848422e+00 9.785070867836331843e-01 4.343677539758855621e-02 -2.377169731415032863e-02 2.001800041564367749e-01
3.406193004640608706e+02 6.496391041916456111e-01 -7.655846684158718496e+00 9.784164429722052025e-01 4.384763212145520450e-02 -2.624035445472636813e-02 2.002251060108334313e-01
3.422270213206932112e+02 7.674959163303166632e-01 -7.808250116234100702e+00 9.782711934442515078e-01 4.430405814794990266e-02 -2.856736287473549130e-02 2.005156559652291615e-01
3.438239495191423885e+02 8.802669317171523122e-01 -7.962202303658129310e+00 9.782422475964105413e-01 4.562010633343299010e-02 -2.845911737830286378e-02 2.003771183386397203e-01
3.454172863599324046e+02 9.779831926533326669e-01 -8.088325470283651342e+00 9.783494365630699408e-01 4.713736220265524884e-02 -2.831008489842096534e-02 1.995218989342860960e-01
3.470129929112018772e+02 1.072562802349510180e+00 -8.226825065365060752e+00 9.785365259672608174e-01 4.830143969304374896e-02 -2.975758626465851986e-02 1.981103842084123989e-01
3.486041807252435092e+02 1.173636684217983506e+00 -8.376653382050541552e+00 9.787522584895064215e-01 4.909469082817156244e-02 -3.075107574026163249e-02 1.966929057566475514e-01
3.501940714786725266e+02 1.280048612846950817e+00 -8.519175001588372709e+00 9.789028860077656491e-01 4.987765045607134295e-02 -3.074630084453052956e-02 1.957447949117088470e-01
3.517808459806716428e+02 1.383923122961242091e+00 -8.660811575873289314e+00 9.790822317517091644e-01 5.046594912735258287e-02 -3.069572641709485822e-02 1.947021926596998187e-01
3.533725034979543125e+02 1.476424868672288282e+00 -8.799865093026767227e+00 9.792341168780629435e-01 5.083518578850516889e-02 -3.094328932711002539e-02 1.938010347586074933e-01
3.549582863374475892e+02 1.559002296340934013e+00 -8.931812923448424257e+00 9.793991830573899326e-01 5.131197147830200006e-02 -3.119605453045314059e-02 1.927981534954626708e-01
3.565463797261231775e+02 1.625708655289286098e+00 -9.062137289263342055e+00 9.795225221588890197e-01 5.190123082846734293e-02 -3.122039095362880851e-02 1.920082758911230147e-01
3.581328304648939138e+02 1.664600319951102803e+00 -9.200484463656678713e+00 9.796227900671351518e-01 5.275787392144717231e-02 -3.112839088064573920e-02 1.912768130264416999e-01
3.597169752966017313e+02 1.728534274036824137e+00 -9.351270701917950845e+00 9.797433872423402246e-01 5.338009660847628512e-02 -3.144283458236052375e-02 1.904332129498471082e-01
3.613013965557199754e+02 1.829167012620013910e+00 -9.483301617886572998e+00 9.798280578997994317e-01 5.342439942478073578e-02 -3.128115329626197233e-02 1.900113153127055421e-01
3.628814674831629645e+02 1.906346596540278160e+00 -9.612580458523941829e+00 9.801260079963723948e-01 5.392049177877990263e-02 -3.085786052976925015e-02 1.883968722111779015e-01
3.644735024709848403e+02 1.973725709534488670e+00 -9.752700692682280348e+00 9.803951549317203584e-01 5.426182125588564775e-02 -3.224938553698530885e-02 1.866573654396987414e-01
3.660649553076058282e+02 2.033537530662213655e+00 -9.896757643185061681e+00 9.805971257064729496e-01 5.487647584310637733e-02 -3.311107923645889572e-02 1.852606431140781384e-01
3.676564318895470933e+02 2.095483199974654376e+00 -1.004019301595664082e+01 9.807259875168938823e-01 5.598494930986867152e-02 -3.293003338750056380e-02 1.842765198306140773e-01
3.692555702047008026e+02 2.196402906739405303e+00 -1.017009495460009028e+01 9.807608513534322725e-01 5.706228985280520360e-02 -3.308021805841997870e-02 1.837328133525767682e-01
3.708365019063272712e+02 2.294981146397610861e+00 -1.031534153519906560e+01 9.807537363747569348e-01 5.734567381777085082e-02 -3.376714646246443269e-02 1.835575171468660227e-01
3.724709376487189729e+02 2.354024727623482249e+00 -1.046399834204981616e+01 9.807692279424666815e-01 5.772520919353094776e-02 -3.442056578922802340e-02 1.832341299961615655e-01
3.740721016841210940e+02 2.431336291740132882e+00 -1.063263043849818956e+01 9.809228805992199485e-01 5.813530604728682494e-02 -3.463941751363480703e-02 1.822380291323212609e-01
3.756177289766282001e+02 2.515167249291718310e+00 -1.080713408051154723e+01 9.811121547170862378e-01 5.849939021412026152e-02 -3.435403624803141931e-02 1.811534195218000576e-01
3.772148303339729409e+02 2.582482368270240247e+00 -1.098182024626191122e+01 9.812684382157850216e-01 5.907323476684708807e-02 -3.438826191939973326e-02 1.801112226872552124e-01
3.788092417158374019e+02 2.629313662705504040e+00 -1.118049353674906854e+01 9.814727118549839702e-01 5.966690585304456479e-02 -3.457878346328773639e-02 1.787609687939359926e-01
3.804163969250943182e+02 2.666133664894777766e+00 -1.134539757928638615e+01 9.815936815278833993e-01 6.037685950885025854e-02 -3.494767347951940883e-02 1.777839681713557496e-01
3.820205320744782966e+02 2.761362151259408648e+00 -1.150645424516415360e+01 9.816276288250974646e-01 6.073566539245581208e-02 -3.557666257072913257e-02 1.773490297601900412e-01
3.836286994704265680e+02 2.886867370090167917e+00 -1.168090389614141955e+01 9.816462380058542658e-01 6.136821450834353125e-02 -3.569527010497378083e-02 1.770041054584458595e-01
3.852287100141643350e+02 2.996270031009954593e+00 -1.184660094940744912e+01 9.817044586814419604e-01 6.172230573197006603e-02 -3.531203560431956517e-02 1.766345745362030706e-01
3.868347046880347762e+02 3.110968943819728327e+00 -1.201153609524843979e+01 9.817384384198126757e-01 6.196355754112641695e-02 -3.515414858952756183e-02 1.763925789335278327e-01
3.884430234895893364e+02 3.215602814314005631e+00 -1.217228741585051921e+01 9.817216513693060032e-01 6.244003620783519087e-02 -3.568669130197469480e-02 1.762109564556203489e-01
3.900552271965267437e+02 3.312370771462211039e+00 -1.232157918220612558e+01 9.817198502718996744e-01 6.283345613977728283e-02 -3.611979494135147961e-02 1.759927634451032563e-01
3.916772388385994645e+02 3.416453905384364997e+00 -1.246620993933131594e+01 9.817581773603847317e-01 6.332200229096794641e-02 -3.606122882766199522e-02 1.756154691002961565e-01
3.932883069369232771e+02 3.525295137756412345e+00 -1.263761495649110245e+01 9.818388456553688304e-01 6.356702608038888869e-02 -3.645152204402712925e-02 1.749942881870770739e-01
